version https://git-lfs.github.com/spec/v1
oid sha256:355426e69f93b06e3498d87d7842d275d85194840da7efc67a7c3fa3b34e75ab
size 5265
