version https://git-lfs.github.com/spec/v1
oid sha256:c03c5da6f2a5e6499113dd6eafb97d2273456076f6a5584ff1dd4083b1abf046
size 1311
